  [1] 0.16994499 0.11313276 0.15283731 0.07721847 0.16972914 0.16729239 0.22390604 0.15862553 0.20495287
 [10] 0.17594960 0.16655912 0.20545013 0.23740065 0.19701163 0.24170905 0.20919397 0.24874763 0.20977342
 [19] 0.16891316 0.10672745 0.20284370 0.23874685 0.17584316 0.18967772 0.18979281 0.27461463 0.17621867
 [28] 0.22875975 0.20420842 0.18868487 0.18689579 0.20444086 0.19918531 0.21984877 0.36901328 0.20209320
 [37] 0.20645194 0.21533674 0.21303678 0.20292006 0.21795759 0.14858525 0.20727997 0.18180183 0.17436482
 [46] 0.25189912 0.16831550 0.24614988 0.19913271 0.19955626 0.16529849 0.16317460 0.25383162 0.17438686
 [55] 0.28042093 0.18994051 0.20579019 0.18987955 0.19858652 0.13574669 0.22027980 0.21092275 0.21097416
 [64] 0.19780970 0.19832590 0.17011362 0.19353411 0.19946139 0.22765742 0.18308944 0.21156271 0.18730201
 [73] 0.21225709 0.20278932 0.16745101 0.23845409 0.21186382 0.16417861 0.19593750 0.23847516 0.19889823
 [82] 0.26167157 0.20048426 0.13527536 0.20170267 0.22033495 0.21577923 0.19554347 0.22884384 0.16202854
 [91] 0.17193452 0.13979985 0.17166340 0.24004704 0.17147425 0.22732940 0.19376864 0.20571312 0.20393595
[100] 0.15087162 0.23728418 0.18748385 0.26971945 0.24129948 0.15146828 0.19285546 0.18959014 0.20621188
[109] 0.16387637 0.21073924 0.17053349 0.17210014 0.16994968 0.15340677 0.19044858 0.19958785 0.16621812
[118] 0.16905944 0.12778029 0.14123392 0.19655764 0.22013040 0.21394598 0.21711755 0.24984473 0.20860186
[127] 0.18842770 0.24530326 0.18629408 0.23751728 0.17878973 0.11440600 0.23076829 0.18307367 0.13993400
[136] 0.18700376 0.14785916 0.19288418 0.17960204 0.23369417 0.15203789 0.13715783 0.20324713 0.17037082
[145] 0.18397018 0.16440766 0.23477377 0.19894707 0.11891348 0.23893957 0.24647561 0.28741112 0.20584296
[154] 0.20701802 0.18409100 0.24211137 0.19955279 0.13356701 0.20659837 0.34638214 0.21660003 0.19318035
[163] 0.20870878 0.25247267 0.21865945 0.26715928 0.17877528 0.20689945 0.15905696 0.18110493 0.18834428
[172] 0.21888275 0.14774895 0.21835260 0.20874305 0.22032094 0.12866636 0.13691327 0.22860900 0.20156443
[181] 0.23023036 0.16572782 0.24489360 0.13548362 0.17383873 0.23880517 0.21063575 0.16867867 0.19671980
[190] 0.18565217 0.20536201 0.15062833 0.14952825 0.20274593 0.22901097 0.19712453 0.18457067 0.21495645
[199] 0.17238928 0.22479390 0.23047119 0.26493955 0.10616235 0.12687761 0.19404034 0.16959672 0.21551783
[208] 0.22906771 0.25206822 0.18207581 0.19099472 0.20998864 0.15588495 0.28624523 0.21838701 0.19836193
[217] 0.21634349 0.19794361 0.24096662 0.23730586 0.22561444 0.19872084 0.20175174 0.18692306 0.24649349
[226] 0.15669389 0.19056115 0.20293635 0.16852883 0.18214804 0.17156479 0.17414391 0.20088665 0.26596969
[235] 0.16780189 0.17582972 0.24185508 0.22018690 0.15482730 0.19322678 0.19300056 0.12028638 0.18727370
[244] 0.18688180 0.20948768 0.16011736 0.19646126 0.16217528 0.14567253 0.15108353 0.16597144 0.22617871
[253] 0.17036122 0.18988831 0.23543154 0.15611273 0.20316808 0.11338717 0.18426861 0.20123211 0.25545412
[262] 0.13174587 0.18591093 0.25444055 0.16190207 0.14210264 0.26862174 0.19641265 0.15267225 0.18403365
[271] 0.17286907 0.18322538 0.08787546 0.16880436 0.25604105 0.17613459 0.17785837 0.22647204 0.18762892
[280] 0.16545093 0.23241213 0.17261925 0.20052505 0.18420999 0.25282705 0.16536446 0.09896212 0.24160965
[289] 0.19585864 0.24923281 0.17914067 0.19622190 0.25770101 0.20663659 0.15581453 0.18839104 0.20018195
[298] 0.18832614 0.23375463 0.23504543 0.21478443 0.18504797 0.25450358 0.19507012 0.16470395 0.19015057
[307] 0.18798122 0.18167032 0.17860624 0.22111252 0.22747938 0.17858130 0.19548224 0.11072943 0.20319338
[316] 0.21413393 0.21207471 0.15829422 0.13034721 0.22366425 0.16794370 0.18266472 0.21267468 0.14866318
[325] 0.17460942 0.23043960 0.17481235 0.21775749 0.28756896 0.15678620 0.18158060 0.22755958 0.24286218
[334] 0.17555468 0.17003155 0.22904328 0.21199617 0.24642433 0.13204709 0.19646099 0.16935018 0.20398995
[343] 0.22689897 0.20736600 0.19534278 0.20035611